exp7a-90 : 0.806249
exp7a-70 : 0.806249
exp7a-50 : 0.806249
exp7a-30 : 0.806249
exp7a-10 : 0.806249


exp7b-50 : 0.806159
exp7b-30 :
exp7b-20 :
exp7b-10 :