exp6a-70 : 0.848823
exp6a-50 : 0.848766
exp6a-30 : 0.848723
exp6a-10 : 0.848089

exp6b-50 : 0.848709
exp6b-30 : 0.848541
exp6b-20 : 0.848343
exp6b-10 : 0.847846