exp8-5 : 0.441240
exp8-10 : 0.557452
exp8-20 : 0.683942
exp8-40 : 0.822686
exp8-60 : 0.909080
exp8-80 : 0.973116
exp8-90 : 1 
